19781
25404
23375
4831
25540
17797
12640
20264
21433
26235
24131
29295
24661
153
26200
5156
5526
14577
16183
25873
27759
17091
13554
3985
31267
24910
13466
26621
12018
15334
8196
360
26615
14407
3788
31372
22609
20265
8347
5891
3457
3861
17574
30907
4883
16758
6775
3492
31105
26099
20464
1451
17492
30716
8333
25836
908
12963
23017
1571
7234
18094
2436
8548
1164
14058
14275
11021
30369
20162
21560
7928
24381
26383
14116
3061
2887
27954
23610
29559
22706
24673
15014
20877
28321
14654
24142
24852
16590
28590
9816
28716
25132
4840
19692
22760
27339
10188
7227
29258
29948
16759
29888
3438
30135
2068
2245
21253
29753
8692
28970
5381
25841
13026
32610
26783
11165
26032
28862
7282
2225
13334
26350
24318
30200
24765
18885
10587
13949
22422
30268
16938
7596
26736
24250
27853
20917
4042
146
6355
3377
16869
21197
9654
9224
27678
4651
3785
20370
8315
3684
4972
1532
8068
23731
12162
24814
13396
5013
30757
22378
5871
29647
12440
20216
18646
8878
11132
18432
8153
22930
19527
10615
29485
11950
15603
28605
7870
23305
11251
17094
20678
8648
9835
14201
21919
15536
25248
16469
21974
29159
3758
4442
14976
14074
30585
31527
11217
1316
7141
352
24042
17102
74
12370
8179
26194
22050
30170
24938
13828
19461
386
8634
18803
6616
28654
32272
12268
7489
17783
20842
24640
6749
31765
6897
21959
29878
10370
7816
32421
29807
31388
29605
24396
27586
7436
30303
3907
20653
14373
20169
29477
7911
7182
639
22508
5657
22052
17534
21359
10315
13722
30521
3626
11420
866
5353
23102
10807
29009
29220
15288
20354
1150
3761
17942
27033
32491
26779
29448
28666
3175
1412
22131
30850
14002
9788
21435
10136
25827
22674
14402
28840
27143
23402
24364
15059
26379
2320
16998
15844
988
15308
7398
11142
17356
24759
564
30901
31032
11468
3881
23411
7271
10306
6134
20668
2486
1050
30569
16059
27378
28148
25452
1854
20486
22054
27343
7784
15062
23567
71
31141
8810
21673
14006
27363
12623
8030
4780
15360
17210
15645
5422
7806
26095
23980
25527
17278
24929
22336
12669
12268
2843
15435
19957
8439
26846
917
31897
5316
26252
30350
31209
19299
9028
23011
20912
21506
6607
1103
27272
31328
10299
22452
27296
10373
15045
20586
22973
4273
7677
7894
9343
13202
15396
32575
25830
5817
18905
17374
5140
16207
9717
17716
2389
17668
28851
11425
27228
4425
7700
19761
28880
7871
1921
32441
10503
19695
16562
12067
3601
7227
13264
7686
9976
26132
18646
30330
2374
25966
7229
15146
25800
9073
2264
14506
31890
7282
2301
29195
12611
12577
13029
15277
138
14340
21589
30805
7657
17188
29054
11391
2233
28166
11043
23542
17263
18396
20473
26017
4125
11773
7507
20896
22076
10899
29438
17816
5544
11155
32362
4938
2796
9715
8459
5483
26816
30999
5631
20143
19152
9868
6897
32552
17855
12792
8253
9166
14444
15697
17493
5215
17012
13646
7779
13161
1016
8731
7216
25764
2720
28753
30532
15750
4063
17957
1359
9234
27769
14560
26567
20465
25923
30351
24275
25027
13610
14331
17256
1207
30839
3803
27825
20057
23890
25673
1205
20652
15748
15219
4148
4729
1409
3219
11729
25062
3237
19489
20599
13642
17086
29254
30965
3648
22219
5781
13035
4859
15107
29686
22762
20953
10777
26850
25559
25402
4543
18390
18832
23954
1641
3073
11986
20413
9299
17984
28763
13715
453
22093
18251
6845
5782
17460
3280
24519
15599
19974
24834
21877
12113
32208
14604
8795
10201
23502
6285
9896
1219
4317
31294
21059
5678
3375
11220
8473
31006
1858
8488
12725
9159
26387
661
10769
1801
29071
31393
24235
26935
18506
1760
28636
24092
4467
20502
20837
64
23560
19868
28747
20327
5190
14341
27366
22619
7268
3840
3892
2539
23936
13952
4979
23348
25818
28443
15598
10015
24896
11696
26903
24875
5321
5709
11478
1901
3782
7760
32289
30165
16886
6604
7117
32434
19193
14382
10147
27768
31495
13344
9911
20673
31458
15021
23541
17555
6665
19878
12541
32225
7727
9541
8497
24148
9963
21777
23307
24395
31153
14337
2997
32544
18945
26596
2259
5037
20958
17408
19619
9742
20098
19194
30793
15273
13648
19446
20580
12396
13578
13054
26597
1622
22340
29864
27937
20025
22041
23795
19749
3518
31260
17779
8521
18089
5265
30382
6920
862
27102
14533
25102
3236
8252
22359
6291
11434
1714
7330
31208
9032
18500
2027
18255
12166
24424
17184
30480
21090
23993
7101
22985
11982
23535
748
10758
11001
9743
22768
14865
14031
30687
1987
13324
23491
23965
12542
8252
31180
3312
29434
9640
21933
18975
2357
14563
23674
11649
19447
11558
16472
23861
21301
23457
21124
3858
16565
21779
16023
26337
30067
20889
2824
1226
13892
21187
754
22541
953
11245
27927
2547
10566
25805
13350
5379
18339
10824
25657
23672
24179
16778
8610
22515
6436
12629
31975
10094
25366
5529
18443
9073
1791
20806
20751
15752
23950
4702
9657
17652
20302
23630
17556
25505
11726
3198
24376
26456
10239
3367
4555
11062
24029
10853
13256
13661
22353
15757
9727
23785
25174
8896
16862
3110
7260
11456
19950
29440
10985
2819
7072
15802
26502
22022
12874
9187
729
13796
11117
25478
25359
22311
9273
31906
16765
8670
26707
16601
19334
26352
14805
2924
19135
30639
23191
13671
6225
23472
15021
6681
24479
6363
28720
16327
29737
16830
23618
30882
16048
15910
8524
4085
1436
497
20106
22435
5274
9758
25802
10705
1929
6182
6256
13024
15511
21391
29886
6046
12711
22974
17490
19389
20727
23565
25328
11396
28927
19485
23682
13252
2972
18030
32093
22286
28781
2860
14278
26403
30333
31052
693
940
28963
16344
5593
30507
27687
14727
9947
3890
29478
9873
3047
17619
26680
14529
26473
18775
11727
9676
16660
19250
10211
13281
12329
1847
22604
29825
31478
31241
6767
8593
20381
17874
16924
20654
31254
8247
8631
28864
15223
23691
15254
17874
9843
26178
8875
22305
9505
16297
20067
882
3071
22741
26061
12201
24119
21209
17919
17304
10017
829
18358
26901
3336
19371
2108
16719
305
6634
14735
1122
12569
9233
15807
16168
7423
13556
4504
9042
30626
7395
19073
7608
13132
6804
11172
9966
24591
20573
5711
536
16207
6566
22938
24063
12417
21663
9547
3172
23345
29742
9206
17300
14922
28204
105
7740
27794
22992
23111
19839
28276
21099
28146
12614
8450
29270
29614
19159
16954
31273
31236
15786
14984
30766
16229
21111
25485
1046
20240
12436
11295
25322
25910
16766
15761
10052
24155
29366
1588
8638
13823
18894
19741
13739
22654
32451
13097
26117
19509
4237
17727
11943
30182
2037
981
32188
31837
23719
950
24952
3924
12424
3074
15878
5525
21833
21878
8129
1630
20541
20205
32166
29193
20583
2855
9
32236
19160
15306
8072
22399
12600
23974
12350
25276
30370
31293
11577
10188
22197
8835
22573
17375
4839
1762
361
24924
6685
20609
3083
31546
20089
8134
624
28589
23923
21530
20207
9734
24108
236
27847
19412
10750
13304
9557
27984
9048
28873
11659
27896
24265
1404
14237
7801
25178
7368
19709
2258
28449
12603
1162
5047
2323
17862
26885
9267
12570
1916
9156
27794
1384
15511
16298
29566
15370
9404
6230
5736
11200
11904
18843
2858
22284
9770
13104
9450
11657
16826
25769
24641
30590
11819
1446
31388
8115
502
3659
6371
20355
14551
25584
16729
4403
7379
11801
11460
27778
16506
30632
13005
12673
28266
28753
21929
26021
12820
25167
12537
1819
24003
12373
20463
6747
12762
28616
11955
13824
2396
29483
27397
215
12210
22747
26659
22070
17321
29180
27117
1167
19387
5555
27463
23108
24463
13461
13247
29885
2755
16480
28784
1465
19688
15337
21541
737
23246
1878
706
29603
1282
15501
19424
20797
26518
12269
30904
11544
18208
26939
12610
4440
16133
10463
15518
20401
9464
19792
8370
12924
17853
11469
25877
17418
24371
14158
32043
8248
31633
29882
7570
1091
4592
13146
189
4318
4106
31374
24287
29314
12609
5566
7435
25606
18147
19348
30617
16239
21932
5480
11211
4361
11404
27388
25777
24759
22699
30314
28489
9607
6827
17498
31211
6025
16685
17528
25316
21474
3222
11814
23138
1820
19
7533
23440
4544
17370
31802
16641
23335
31923
3015
30802
18061
15543
8791
6411
32359
29016
28966
25287
2550
29346
26272
26261
24861
6081
209
24477
29296
29890
9245
32519
20365
9630
18993
12056
29615
19060
7481
4510
22656
6422
21331
15759
19759
10183
24132
32749
17347
21827
17259
9196
2223
29184
12275
1623
6310
3764
7500
30768
2224
5143
6619
13463
13438
2026
2544
28140
9978
9016
29945
13880
28963
7644
13046
18121
25368
21315
3629
27421
23410
9331
11551
4866
8407
15180
22714
20474
31181
4878
29392
16868
30411
27164
12488
14041
8854
256
28308
597
3275
19118
11747
20375
25271
29197
5527
29514
2671
22707
1401
100
29725
29424
4651
9295
5529
9487
32095
3655
17465
1496
32327
26115
24809
10842
28236
5527
2686
24295
11779
27289
19015
29023
22109
21122
28389
28850
2590
13912
2397
1440
31632
14730
16492
18627
31352
24604
28187
14800
7753
24579
15250
15386
24728
8659
12081
15447
15312
13463
24797
25511
8743
14592
18584
31698
24784
1987
23381
26833
17266
5948
27146
23441
3034
25687
30470
8691
4589
25264
30085
14359
8160
14329
10114
32474
24235
18077
3532
15261
26298
19362
7772
17737
18662
5076
13542
655
9125
3104
29102
7541
6269
12606
31389
4110
13759
8851
21140
28296
10353
23637
15104
4717
19084
23792
21423
2850
24936
14760
27874
30644
8308
26240
16291
11731
17450
13659
88
21023
22850
20578
32665
17827
1062
13221
19775
3231
23719
27141
4541
4747
12782
4433
4532
28504
19125
27055
4033
4601
30135
29758
154
29730
32356
25849
17753
15184
23002
27615
24599
27401
8209
6481
22205
3173
9557
25019
14359
28365
18426
1142
30506
26115
17995
23021
4296
10594
12483
19711
12129
14440
19584
933
16668
26737
31220
31445
13350
32709
29662
6566
19786
469
31352
32692
19651
4290
16114
4806
21838
2079
8992
4014
18819
13560
8560
8817
4964
20243
28958
18856
2615
6005
15019
2342
27281
16424
28811
12251
5300
316
8222
13560
1306
32524
20193
28756
15186
26051
14310
12815
779
24094
32129
32117
21359
16243
9029
27429
14514
8946
25646
30322
31722
15403
14624
14857
32033
6864
9104
24532
29608
14780
4225
18463
2223
32565
26547
11258
19
4718
6935
16094
25463
10832
19077
5011
25494
14714
20401
18512
25559
7047
18012
15909
25635
10127
25799
24470
15603
19440
14445
14985
25005
5966
6897
29026
7472
21208
29526
18284
31917
4557
5998
19579
23738
23103
24981
27599
19617
19224
20127
25148
15358
25434
14350
24456
9865
20139
32392
22293
12848
23312
14473
17343
29545
31737
14678
25352
19398
32382
1074
11123
5833
21224
32723
557
6395
3955
32279
29682
25912
4178
27636
29999
11341
22772
15789
28004
10949
6790
27468
4557
10495
953
4428
21313
16772
15813
2454
25434
24984
15022
4271
5334
14351
14533
19247
6973
1634
8051
16245
28100
2050
6450
6041
20850
25580
3804
16290
20097
23678
26664
13305
5383
12681
13681
5150
5334
26791
9914
19866
19616
28623
29680
29493
5215
20006
6766
5224
26355
22296
5063
10517
28429
5032
27071
25974
23373
22020
19354
2644
15783
11101
2202
1401
31243
8181
5059
30311
2117
2426
29921
27466
3362
19346
19148
27180
3796
19127
17131
6760
18583
325
10743
8801
24981
27345
31233
3443
2823
14781
2487
20010
18846
2825
16611
12466
28193
3180
30260
20879
343
18596
23105
27790
10023
3594
5067
6140
15614
9065
28994
16405
14193
16144
21387
30399
804
29734
13825
27513
27882
2622
30650
8078
21805
29483
18955
10894
12945
21270
26702
8958
10196
20174
31970
32591
12537
5214
22388
781
11173
20965
22653
3161
16073
3746
13836
21913
25985
6735
32198
32622
8508
1712
30763
30439
5918
24427
20763
3060
7330
5146
10648
19485
30596
18591
30413
30067
21726
32695
21071
5575
15249
21459
8100
10779
32230
12835
11010
21078
28277
19443
9560
27964
23622
12858
8595
12444
6711
20336
30490
4555
5533
13217
11674
4690
16430
26304
22025
17636
20767
13629
29925
7827
8585
10969
25021
26691
10257
12218
16371
25694
22472
31674
29888
31945
26192
21509
15992
3351
15681
18147
20752
7421
6858
22994
7133
7942
9628
24024
7326
1928
30723
24087
25533
20439
26198
23714
11730
14776
1170
20879
13929
26393
12098
8270
10245
6655
7074
30521
19813
12479
13059
19819
26629
12913
15729
29398
20456
32674
8084
26256
16533
31561
12244
26478
30560
16380
26304
29396
1770
13668
28337
9675
1003
6639
22186
13396
28463
21700
27779
27389
223
9212
583
28337
14594
31503
8922
11988
22851
9612
31199
15760
11253
526
29400
617
15444
26987
21391
31512
25614
5678
21942
32406
20994
8264
970
13943
28231
24834
23869
17017
16240
21302
1491
14941
13582
17343
1101
501
31607
26158
21573
9087
15558
8638
20313
9265
29475
10891
12683
1813
12357
15102
15592
29207
32308
396
16488
10589
15700
5792
1558
21718
9119
3797
27760
17430
16690
32105
12049
9313
11787
31471
8845
23813
17681
1091
26525
1517
4180
17859
22908
11380
19095
9916
15248
23159
6668
10531
27213
5038
26718
29062
4951
15676
31732
2881
14566
9092
13941
15605
1135
4671
7303
310
11393
13003
2781
30596
29165
9414
15472
24957
30761
1244
1548
80
31990
21981
27407
26229
13121
19
28526
4508
17735
23250
19192
24803
16893
29776
25055
15179
31151
2999
9844
31341
3559
29049
18482
28009
14480
16868
21502
2080
3675
11766
10669
4771
16482
18034
27335
27882
8460
32051
18058
15050
28720
20673
18226
3105
12925
22050
1144
21844
6169
5363
24409
19451
13960
27063
11032
31706
6608
25198
26502
10260
28890
18794
28801
19611
22812
21086
18107
21483
3445
7608
21949
21752
31832
1584
23339
28004
2349
27809
21321
3062
31988
30232
3774
16200
27180
28715
21912
23743
2035
20365
15249
5056
18542
31967
2448
16673
11883
25544
24691
5854
9797
30791
30988
27662
26120
9800
9577
18709
6358
24438
30553
1050
22922
15185
12331
444
16538
23936
23993
28160
2370
5736
18598
398
4575
29181
6115
10014
15257
10456
19832
5421
27972
10123
129
12276
15752
8241
30838
18330
2112
23113
3504
1705
29473
13508
29481
9407
9628
3676
19844
12678
14341
2088
15181
3045
7668
22125
12929
22904
4076
5048
22353
4670
14394
18985
12323
29842
10016
10002
23258
30045
21043
3265
10071
137
8962
30361
15167
7609
22776
25448
8959
19767
17028
14836
29710
12589
4470
23511
25714
22297
20141
23181
31622
13691
12527
716
16378
12752
23320
12819
1819
17092
17783
10886
18773
676
22133
22777
8182
17938
28279
16715
20532
2812
27398
1269
1906
21455
25902
14306
11455
17127
12067
30594
27552
2635
21803
30746
23567
919
9655
31838
27587
1081
1235
27457
27826
16864
3777
30732
27861
23346
19937
4269
15147
22718
2005
1618
15872
14897
26081
9271
32367
25548
31896
10428
3366
21
30389
21691
9321
10701
26439
1304
11098
29219
1809
2714
32375
5927
24880
13305
8548
32385
13054
15928
15851
18531
823
7988
5185
3772
13402
24190
16522
9391
5714
28774
31136
27203
15190
18264
11536
2140
5134
3948
7270
10474
5879
18488
24491
32608
30472
12521
28971
13672
11670
14994
9852
4052
23413
29891
15035
24536
17760
10334
19993
5239
28570
5286
32406
60
7382
665
32269
10026
13397
8832
18801
10485
21326
26564
25942
7027
3474
22275
17331
26957
8560
31331
14054
2298
