17861
9565
5002
11379
2651
2640
17527
4797
11946
4051
12796
3395
15898
3009
18873
1206
10722
6754
1064
1463
114
3804
12195
8170
9934
10411
1415
5479
1627
2004
13112
3794
7168
10390
11494
3693
6245
3875
2862
6413
12350
8910
9891
19402
12750
6148
910
155
11494
5952
3060
482
5197
15770
10807
2467
3684
11680
17792
5339
1834
4808
3131
12334
13022
4
10339
4033
2819
3927
4000
5994
1033
5799
10926
3493
3497
12723
2368
9960
1265
6215
12133
11289
19681
3086
10570
1087
5429
8231
3296
1814
10820
1563
15967
3942
6184
3694
16011
9942
7935
4308
13526
1213
5937
17382
5030
3706
10515
7637
120
6501
588
6846
261
614
9878
13311
16996
772
3751
4201
13713
15744
7025
19606
5037
15491
4230
7549
16293
4564
13120
323
951
11727
1823
9269
178
915
6612
659
15197
2107
2367
10095
12732
2479
10836
9494
3598
18555
10659
1134
10906
801
3160
7297
18987
299
2624
6136
6746
3875
4173
13836
12715
15334
6875
6169
6586
8822
13332
11509
12792
11088
4625
11775
912
2046
6339
1243
2511
9613
19441
12445
11748
10721
15138
1251
5091
13671
7485
5896
9008
11148
15631
9430
4955
10124
6093
2973
551
6733
19259
929
559
16973
10508
16184
3947
4537
16138
13653
1103
11105
19577
8958
19189
17608
5911
11877
5853
1824
6214
5141
5265
789
17998
12714
10734
17864
2365
19206
11680
6783
16176
1762
10317
6971
15510
6722
14292
2474
7026
18380
10903
9406
130
18906
9495
862
1631
10606
7936
18492
15172
12358
5477
39
3281
8624
7276
16769
3698
11807
2893
8404
10140
4030
10807
3040
5784
11428
10484
5048
8996
2569
2062
7342
15285
7929
12242
11020
2721
9895
9396
8325
4765
13443
11219
3434
17762
12047
1502
7041
3221
9582
4887
14932
10407
4318
7703
18054
14298
1287
6066
10443
13542
12692
18268
2488
4346
770
12012
5912
5575
17687
16289
5185
8825
6165
19075
3879
10919
9967
10027
12559
13646
11515
1668
4230
6041
5769
9139
19635
4676
6387
662
747
6432
12405
16298
10564
4505
10654
12239
16204
855
1255
13295
10458
15234
18468
18941
7108
969
19321
8091
11955
11109
8463
16095
5300
3769
1480
14646
11857
5661
14223
12745
10880
3868
10226
8159
14810
19770
11604
4131
10926
7962
3359
7559
10902
8062
10167
14026
11691
5936
16373
6166
7541
5793
14226
13261
1669
2897
3874
677
2471
12814
2467
17489
10290
1856
10166
17251
2146
4804
589
10510
11944
9496
7782
17617
8031
5431
5719
849
9026
14276
5642
18885
3613
4076
1707
17112
8002
391
864
6154
19517
5120
7896
7224
19561
12373
11719
9438
8708
12161
17521
10906
8416
2328
4868
4467
5340
1651
5292
3706
3347
15949
19905
10575
8147
11916
1219
12135
6257
260
19689
1388
16410
13913
10230
16518
12109
10595
6477
7513
7080
8439
15879
1999
7872
10372
7683
6039
10005
5082
2621
5742
10021
2418
5729
16957
11103
2090
482
10594
9531
2480
17542
19156
1320
2881
1060
18786
14182
18738
15986
5659
4598
3663
12088
2707
3439
2434
3080
4420
18418
1974
14386
17875
13407
1116
3475
8981
18889
9102
11854
16370
18216
1298
10943
3625
4398
834
16619
15220
4861
7754
1115
525
12278
209
7211
18032
8308
7131
4478
11395
3419
9230
1908
11572
14539
6515
16223
16226
19898
3200
5106
8350
5537
6932
11899
8659
13940
1698
3315
324
3288
10098
18227
5685
10353
5572
19721
6285
8505
1815
779
2907
12600
10569
3915
4374
1744
16287
6380
3497
6200
16359
7412
5967
3084
11100
6210
10586
5762
10058
19426
14683
12512
8659
17471
18877
2733
19602
19961
13555
15653
12573
9143
17364
4465
7600
3774
7139
16182
9608
11842
6996
4620
1837
5053
267
2514
8723
702
11591
12129
11778
643
13888
4574
18901
10026
7533
13619
33
8452
4777
1440
1463
6059
4566
12270
7051
16726
5730
4613
1621
11531
12618
127
9080
7252
4540
1084
7297
3221
1857
1751
1682
12828
12379
15416
6720
2554
8779
5356
16954
17585
19895
8690
17579
10735
4010
12952
770
954
4860
19397
7279
10924
10419
10743
8817
15105
18154
3345
11982
9871
15729
12557
8642
950
19605
1048
19516
13815
18369
9502
5573
9929
4933
1987
450
16170
12119
5429
188
6515
9783
190
11966
10992
5688
7102
735
19886
13787
17752
2209
3317
11709
18924
4953
7384
3861
3077
6192
12522
7287
12371
18985
12692
11996
9820
9412
9157
15013
12302
162
8105
6302
5017
2570
6492
9568
7355
18572
4737
4665
7291
18916
8942
5231
9978
9729
4683
6755
3175
17158
13947
3443
3954
9872
17721
2659
7971
7001
4743
2973
10924
15133
3363
13526
11964
251
7675
1203
11637
6718
10210
10091
545
11773
11459
1423
5760
19968
10038
12136
8613
6020
1617
6143
10690
16032
1505
8419
17825
4489
11769
3206
2325
11891
16265
3881
17488
9369
4115
18361
5462
9150
1498
11610
11698
6421
11068
7875
8295
10558
19746
8234
19497
13427
5621
4386
13773
5922
3475
4706
6367
7419
1794
12616
9523
7884
13732
3102
5342
15787
876
1275
7397
500
1201
15149
7765
2772
1760
5269
1590
3205
5814
5524
8762
3226
5998
9637
18074
14814
9400
4106
7875
17304
5707
12268
11980
7378
7324
11933
10412
19642
16815
14336
6922
7752
2094
1644
8596
9473
5784
7821
564
15804
19355
555
2176
6307
7653
4751
17681
8636
15223
14211
7767
9928
15420
153
12842
10827
472
2735
9347
4270
6276
11633
9965
10242
3289
5343
6870
11142
6411
2833
2123
298
1657
8729
11107
3988
12673
9512
15898
5667
7065
3155
11521
4275
18332
9495
2772
19969
6785
2875
15468
47
2930
4181
4438
5193
6844
1039
868
19433
13474
12843
5154
6520
5879
2149
12523
4630
15244
632
5245
9309
10150
17924
11915
13601
15635
12143
8882
12730
17279
5801
16622
7780
3170
7156
7469
9414
6684
2371
8932
9203
12292
17314
12225
2190
8126
2839
17920
12561
5035
10056
1922
8080
7109
510
5627
12665
9547
4104
9196
1086
2073
5506
6256
8087
9947
5430
12634
