19442
21682
509
25382
1401
2633
16625
29788
8163
10274
6745
24714
15977
16039
11975
4234
1735
31666
22396
4140
20194
12706
24876
28131
19885
21677
25601
17086
21325
25208
23778
30362
19580
26596
27636
5271
5419
6443
23649
17352
24171
12333
22873
14383
11149
1284
29783
12264
10888
5342
24742
20644
27548
27404
2083
31065
15413
8278
23876
23608
10514
25746
3673
29920
27558
18037
32274
11985
18111
11688
9538
20515
5733
15134
16866
31864
5893
934
30553
25647
10191
22716
17403
29658
3164
5029
28623
6130
29076
5819
22677
26826
14799
30981
16135
21186
21562
4106
31072
3773
9085
19431
12059
32469
14234
6560
509
17229
24344
16308
18517
7110
21346
26868
15491
26806
1130
20884
17847
24855
18321
19075
15867
20572
28107
1784
22900
28841
1278
26702
4836
13635
18604
15377
16756
6470
1490
8281
15281
18070
30224
598
11220
10519
22025
27437
31046
16929
15117
3842
27491
20526
27638
21078
27007
7894
16719
14740
31782
4862
20668
30438
29608
18252
26517
2637
22485
19678
6357
10225
1286
25659
25139
22710
6749
17033
11406
2319
7501
14081
11150
31255
30300
17569
24713
18654
11047
1056
17571
0
31143
25127
24122
26493
14516
3518
17793
1732
8647
11013
23658
3345
26628
7716
15818
5113
16504
644
10168
28740
16287
8768
25909
1274
12329
470
31507
19648
18173
21539
7183
3429
22655
27278
10305
27065
29454
30083
15286
17822
721
10531
4187
12385
25268
6713
14108
18762
32429
26480
27726
21105
27460
708
2890
26068
5714
12087
25947
167
29961
1733
32731
22763
21300
7321
32152
12610
10176
3969
14205
7938
4732
8352
18542
30344
26397
8803
4211
20943
27013
21430
29465
25921
8005
31607
21781
5836
23136
22570
7467
2873
24914
14319
15438
7609
22608
19634
265
30145
20434
4258
14877
12056
7247
20196
27756
18479
23367
9352
8213
19120
18823
3516
2273
25177
20137
21311
3550
22027
25050
27673
29769
5918
11232
10122
12721
23288
2651
13120
10586
29406
22602
20940
22752
22025
8146
21847
14364
4605
6459
12945
20555
5398
6972
16363
20077
1892
24696
29958
5356
9657
17992
15979
4222
21247
26811
14716
21580
21455
16347
27819
16724
26688
8754
20457
15628
14333
20621
14689
15176
17563
28416
615
8029
22057
3882
30891
14471
5640
12218
28595
23944
19453
21810
1672
27538
29060
8172
30127
11367
3943
858
31066
26559
6544
657
11232
9194
15643
5641
25707
22966
21680
7838
28144
8083
30480
2523
10853
4085
21485
2936
30254
28410
21247
4129
24536
21325
10580
19834
2057
22090
22760
4959
15799
3939
20085
17008
10905
24258
4492
3021
9179
19247
15077
24094
29462
30517
9460
9175
11135
29056
2748
14010
24415
25738
2280
11421
18883
26999
13592
24941
16500
573
16249
25203
553
32519
21144
7894
13564
21212
9592
353
10523
7035
29666
22407
13248
24714
20732
10660
13923
19952
2077
26758
9774
28032
32736
5164
10161
9175
21367
16333
4823
29831
5698
5917
29464
20853
30112
18635
22513
31103
11526
31310
2449
10850
78
10465
30166
10715
12369
7116
26999
27149
7607
19430
27011
19747
3598
25688
16650
19510
18202
16547
5913
1393
29804
3045
8428
30067
2870
25944
17504
24564
8286
11803
16039
11180
25809
25653
9023
13680
15386
11991
18213
24223
8499
32737
27718
23228
19867
28328
16694
92
22184
12278
2340
8515
13599
20307
14
11722
27394
3459
20273
10116
15273
2128
9668
10016
10772
3978
18917
31121
12672
19275
13780
6253
27704
6015
5471
403
7342
14500
14237
12817
19658
19919
18655
18501
30594
9200
26852
4418
28843
20054
29004
1396
32527
10358
79
30856
23743
9448
7087
134
4523
3506
32747
22592
23663
6601
28598
16624
7536
31701
6055
10013
30760
20021
23090
3774
7870
67
6103
2722
31706
10457
18329
17167
11959
25108
29618
20394
3450
4695
28293
26774
8642
18067
21460
13024
21376
454
10803
11291
13833
9666
14525
31047
11113
22832
25861
7416
20986
3796
11600
22708
28726
4627
4865
15772
21194
15538
2388
12366
20715
14816
15439
25611
27373
31351
17398
4373
14098
15999
6079
27227
4256
22516
22085
5720
15670
2760
13632
12089
31839
11820
11701
3646
13672
29452
14442
26210
14191
29656
11933
29246
16317
29066
8949
14635
14934
25061
18105
12199
28877
13050
12096
14074
7005
26609
4009
16409
2102
29446
15052
5578
19733
28882
367
4617
14103
10444
16574
17066
27855
30479
13557
16705
30358
862
25696
16959
8482
26981
13957
8029
28251
13889
2976
24894
2153
24387
26703
3151
27410
5617
2447
13555
14147
7502
29927
7901
25836
1116
22755
27580
18193
27102
20932
7454
5663
11618
26230
28046
29820
12671
20930
17664
8545
4956
27589
19568
19948
31601
18337
25797
18545
27538
22898
1275
29202
11817
14468
17281
12943
19139
20931
3808
24159
9166
7794
22942
17151
8608
13088
15714
19850
3772
15064
22872
32650
2385
12953
28631
9741
11780
30981
1858
1788
24559
1629
4652
30889
20970
24749
25279
6055
13577
8260
27998
3806
12390
6247
7817
9694
1568
30791
18433
2420
2467
30768
26925
635
19242
26370
22205
3829
7299
11237
1421
4443
21266
4153
31948
2609
27417
26060
13149
4060
28727
23888
23677
30904
20270
8460
26535
27494
29929
2001
14260
18787
24253
29744
21831
10207
32751
13290
8296
19148
8310
29608
17775
22069
6403
6892
31012
10705
4159
9288
16420
6872
7507
17870
17799
21
29614
32199
1215
17469
31746
22440
19139
29311
32400
32065
21102
29020
17062
26680
33
24505
18278
18358
176
18482
31176
28256
20348
7858
3043
23689
26588
15424
20840
15013
9666
19740
17775
22529
6555
25867
7542
434
21366
11759
3494
17868
26985
25754
8793
30420
15664
6116
21210
887
17688
24059
12651
30331
23580
29691
23693
13047
23885
31679
5499
16575
3703
19446
8184
15651
7681
1657
20298
17369
14357
26844
25735
25655
30465
2882
8719
30373
13021
374
14426
26195
29806
4664
28660
17191
3915
30933
13509
12282
10046
25851
26262
259
9453
11466
4817
7827
23994
25902
31624
3
29415
21613
4025
21227
11262
29436
14545
8853
20592
28311
8558
5042
17532
25488
22889
2123
27986
16488
31508
16378
8313
1948
13760
18521
8814
25537
24963
20923
30862
16851
56
15386
4661
26059
20422
28753
3368
11631
20902
22923
6448
30062
27551
4860
16136
21676
1492
7631
3705
8667
18945
13151
30660
30539
26626
1961
21568
10499
917
4098
25156
24848
12128
8709
14407
22045
6454
32464
29510
20548
19350
7792
9319
28708
10356
20377
16859
27700
316
32666
7944
14422
28693
16017
12264
19376
22115
21467
7084
30903
9359
30415
25254
2956
20234
32684
7013
8844
5263
9423
2850
29987
31145
6186
7515
31968
7542
6385
32445
13519
19370
19862
24391
25347
28630
31224
8109
8306
19947
26072
28154
4870
9210
1932
5498
3568
6461
18167
1495
3136
7771
27832
21890
14770
8936
4514
17236
32203
17451
8812
31606
15653
22821
19370
9086
17672
32718
25084
29146
5433
4002
6790
21618
31767
5468
10144
27273
14563
15362
3534
21988
6240
18209
17650
10031
16284
602
31168
27036
6413
18973
883
4557
6111
4533
25022
21492
17805
2693
22278
9529
19887
20625
29390
27740
31763
16448
8307
9627
24846
22880
3609
32214
4116
21354
32741
10481
11399
18183
25453
30586
14541
4308
14188
28555
23461
20834
7099
27890
4027
11906
7548
3216
29050
14783
5016
26367
7969
8235
8045
24184
24345
1887
9664
1011
134
15293
21497
22415
10780
5112
1423
26677
2867
11735
7617
5752
8990
26677
10631
32448
4793
15949
24008
20136
11330
26676
17869
2468
13674
25767
13814
231
4011
20487
22187
644
15067
11426
23446
979
26114
52
15119
19222
617
27310
31192
23644
3315
6709
24331
11686
432
16494
9296
26185
11696
27897
30291
11667
21269
28987
22902
19633
21356
12641
18115
10192
21566
1697
5412
21123
4577
5827
726
17253
21652
17633
29467
27391
15308
8043
13359
12780
21448
28525
24958
8762
10603
19733
13844
16404
20555
23920
25429
21918
3846
7540
16366
13857
9685
24131
25355
15464
25443
22190
32715
2154
31711
28152
5360
16425
22095
9181
17628
22489
17448
14803
27065
9541
22300
400
14839
17007
18740
29900
4347
886
11038
31304
12309
957
19656
31759
2995
3658
5166
13052
30933
25964
13936
19324
20161
11681
1831
18325
20728
32694
20985
16936
30056
26160
29291
30579
23267
18923
7671
14041
976
4609
5215
8678
10529
31469
10816
23694
14725
26865
25066
4789
22750
14773
1647
30453
29685
22832
31994
7835
15468
7627
16482
24306
8437
12228
15103
4037
5570
32721
29373
22303
16701
4359
15214
25173
24824
6649
25445
12358
31463
16676
3648
20706
11981
30859
12805
15849
15348
15518
27249
12533
3873
14944
5772
6843
27847
8393
29825
8078
2939
8553
12205
15653
12968
25679
5366
32157
12676
29481
24926
23489
16962
24493
24279
15498
11658
10551
17242
8674
16934
9651
1587
31405
29950
29117
8095
13322
15686
11271
26264
28630
246
32763
240
1139
9594
17314
6557
10695
6315
11461
20820
30599
26111
24914
7513
6325
11260
26368
2197
22631
1523
13878
2793
27595
15850
29738
27330
7528
23258
6214
23789
15782
24347
207
22189
31889
19228
15048
17931
4314
14423
276
9326
20510
8324
14044
5995
7275
9485
24880
5086
19201
27331
25585
14138
26709
24015
1518
19229
32092
29163
77
10024
14853
13010
7469
25869
10504
14580
10633
6889
20702
22127
15967
4053
26128
4155
9490
7863
29365
14244
23310
15199
5942
14334
30890
19919
18517
27796
32594
22489
11886
4833
21221
6384
2556
11523
25180
9272
16734
26732
17325
7391
31708
23771
18158
3248
28133
14218
17598
2277
15002
9897
11233
6461
3729
6412
4650
5455
22482
9761
19614
27678
16166
12836
21206
2541
18066
8854
29093
20565
12574
14059
4347
21652
6106
22915
4361
22568
20515
31963
678
12189
1827
22789
16114
2979
13975
7509
8761
22627
22229
27230
28186
10003
29197
10268
5864
21960
31951
3187
80
27020
6093
26072
27964
20145
7907
32335
9976
29541
10580
10901
8083
28806
24407
22942
5001
13495
18642
14402
28318
26035
31077
15667
30733
27617
15786
12594
2530
23593
11707
1922
22437
13319
18677
6813
2104
7133
32508
8487
9986
9102
18943
28448
12366
11592
15934
22365
15597
31393
13001
16697
4387
4070
26506
18056
4801
25007
19589
28108
27278
183
20063
21676
21739
14315
19485
24225
26039
20673
6703
15347
17265
29131
13997
23780
7580
19340
4832
9514
25192
1930
5636
29603
30606
11684
15692
21061
31356
29606
32039
25172
19378
11035
18370
22743
26988
16739
23758
8012
23937
1541
18051
27803
17035
11078
10213
27209
9288
13562
16454
14830
16192
18842
18444
28393
25512
6551
2740
20562
32647
20718
25111
30512
5143
18173
30444
7404
6766
24724
27279
11782
7005
22608
19969
29959
32409
24868
2607
29111
21784
22329
7543
12431
8894
29432
21096
13937
27449
12901
21449
21655
1578
27822
16861
30922
32389
17411
11494
19924
314
27049
6376
16439
7957
26698
28335
15135
26082
26768
32275
12694
5334
9202
30075
18423
28714
31181
29344
12709
30729
23222
4244
5884
1708
32271
5890
6024
6596
5592
11959
15477
19224
29896
16225
28487
15471
23196
23191
18636
31408
23216
22554
19534
7240
4300
1883
25356
7884
6208
6717
11244
18399
31027
11547
29546
3415
56
4109
26580
18587
13346
13671
23993
14671
24090
27011
14495
6964
22510
14273
19444
21321
5292
8395
18503
30775
6000
1566
2232
14827
19578
28358
21677
27781
30851
2408
27079
14961
12881
3974
25109
16851
6794
28159
19079
8489
17862
22229
32165
14124
3303
8243
5760
6646
14253
5295
4073
2410
13701
6348
25570
24785
22690
18883
16210
19393
18255
31107
7677
16963
6020
11254
25266
4148
18615
31110
16326
27628
4084
31456
962
24606
10800
8695
7769
3327
10459
9292
29085
1195
27828
23150
17266
18116
17121
14524
25410
8028
22591
17778
22514
27925
30455
12260
10773
4742
16978
27908
7776
5857
25806
32042
29790
14803
25713
16149
32101
32428
4445
29741
8137
29376
17061
23050
6735
13069
21855
32058
7141
29982
8698
10559
912
5935
23506
6616
23717
31633
3842
20866
27452
13136
12409
14653
23778
15380
29777
28051
29070
21829
24156
23767
12503
12402
16639
6827
32611
244
7747
3268
10403
11982
7977
21746
12477
12504
5438
7258
714
21021
14960
9222
20290
26241
8992
16033
11956
12967
5752
6011
23739
2833
16639
27348
7981
