19011
11916
1735
27521
16133
8593
31765
22973
24090
2619
26269
18900
9998
27380
31730
9366
704
24368
10117
11843
20675
838
8998
19708
25605
3710
30920
4984
12974
21355
20869
25592
15691
6779
13794
16253
28972
2764
9043
5432
2570
5441
6914
9794
14062
5590
3532
20877
1613
7984
18828
23579
23928
9337
19357
2413
32564
30058
7322
6207
26020
16553
6504
30578
29552
4182
19831
18250
16416
29920
16964
31449
969
21022
26659
11707
26092
667
31803
516
13211
17713
4050
6775
16605
10457
5323
1273
31060
27329
4972
10565
25629
31391
28005
4064
7928
6470
21006
5456
5289
17782
18417
23945
29342
27385
28552
7080
8657
2027
25416
483
18160
15450
22750
28096
3516
30735
26552
9350
17327
15018
6343
13297
1505
6645
9091
19242
1580
626
31792
8182
11150
26166
5984
13358
4560
19962
1722
3951
11365
112
21241
16658
4245
13267
14136
15967
10971
32194
8556
28925
25483
30030
7218
2477
30391
15186
1483
27449
852
23811
14436
16806
5529
17607
1947
6577
12456
11595
14144
3194
7024
19151
20312
21370
29906
7877
29032
22714
21250
10651
4848
5959
29233
28373
16693
24545
13929
32606
21059
22003
1208
32288
10035
14536
14224
21202
25514
19707
12910
32529
16034
31279
22714
18867
20589
28929
27630
13400
502
27963
5371
28481
331
26698
7401
16230
24408
20467
6333
2754
15093
5441
3231
32498
7460
10178
19004
1534
27283
12531
3690
32119
3689
9208
8714
25538
16959
30096
563
28595
5995
4169
21389
18014
9605
22768
9466
17193
548
22348
17788
1574
26089
22284
12627
15520
8895
5373
23141
22516
20320
19584
20451
9890
19484
14652
2346
932
1238
24848
22503
4095
5199
14923
17791
10903
11431
544
24494
6727
26912
22356
14446
7729
27942
27962
7450
22611
29836
27361
18643
18012
14617
19084
5667
15549
20803
19810
29664
6146
27706
22375
8531
6243
3880
18347
30106
7062
14263
8386
13899
10472
2005
5491
16730
908
24244
19892
3645
14131
788
30679
19021
21213
17092
31230
5232
17902
11110
22484
7157
4996
16500
8319
9919
20488
21120
30928
17062
7427
23488
5565
9754
5939
1481
15122
1033
27359
15515
4707
22275
615
29406
28229
26525
799
31595
19902
4627
3165
7182
13305
3889
27857
15754
10302
17523
16917
23774
29218
24427
13957
8647
26107
16483
20817
16006
21911
30788
3281
31971
31022
23990
10008
7282
25748
32137
24779
26133
23731
27220
7732
6338
8505
12123
7826
4999
32398
27318
15795
24779
15369
21168
29637
1750
14947
10862
1898
16788
22124
27089
9738
2453
25596
7324
22125
3161
21805
15578
31113
31179
25031
3194
19864
19211
17148
12861
10094
26224
22358
7634
22026
17614
17133
30527
25707
31732
24541
7554
11685
21113
4855
30840
30515
16569
22711
8703
1423
794
7798
10839
24320
8596
15329
31695
12467
4208
8362
8605
2574
20047
2686
30221
25153
9071
22326
31710
7198
26154
18257
26344
31786
26815
17570
6147
17652
29781
326
4133
28069
30013
729
7882
9945
15480
28137
20377
8621
31353
9643
23364
19737
22315
5101
8112
32129
19254
11596
25430
12934
7807
1447
26601
28450
12269
2260
4152
22516
27251
11153
7511
3032
2891
10429
18169
27323
7551
7880
13089
16046
20142
8552
4346
31544
269
5005
23298
1777
16044
23960
1134
17228
29179
21447
5579
18101
1932
24820
31969
31964
23834
18816
5084
8528
8651
6794
9134
18511
2994
6500
26031
27101
1688
18247
18566
8979
16380
19781
31821
8634
13400
25728
2544
28184
8614
3738
31190
1802
803
12908
19908
1107
31315
28923
20990
13108
18757
18087
2479
24893
16920
19622
14986
18786
20414
11953
23474
22353
31744
10493
27607
13571
5826
8813
29346
22161
25225
14086
12628
30794
27194
18083
18090
17154
25637
23530
18947
2732
17985
32638
8644
23340
28601
19318
6396
18278
2984
21263
30788
11931
4385
12957
9706
27637
1139
23496
4430
9312
23979
29172
28043
9884
14426
19201
32602
4496
12440
26677
564
13538
4424
31606
26807
24516
14238
19645
31819
4625
20447
5063
8197
17304
20328
6670
15052
13752
20466
14583
3258
813
12308
2125
29636
25129
7433
20718
25502
19622
27060
6084
5337
763
22241
21751
12111
7342
12494
11105
29632
7050
26090
13379
10429
13553
31452
13110
20165
17779
32711
18020
24495
8863
27341
26359
7495
16152
31698
19922
13116
21740
3458
4223
12346
2594
30613
2665
6739
17298
26193
26188
8867
6650
19281
23529
15412
9549
19334
30206
6687
4686
20091
29813
22772
13918
4829
7900
22364
5522
27706
6933
509
3849
3593
7247
5790
9085
2027
32309
8844
2583
22320
8292
16444
1928
12701
5667
22577
15189
28012
32334
26912
22386
10901
6036
6995
30227
8524
25827
9035
447
14795
30239
14249
25510
20817
10522
7759
27700
20587
30401
5314
10726
30322
8339
6098
8797
32341
21080
20094
8625
152
3087
7186
5127
13981
26664
7570
7526
803
4595
5723
25542
25612
89
4104
16234
12643
18634
12691
17776
19869
7798
4540
24743
11039
20928
2223
27808
19201
25583
17633
1800
6418
807
10043
2868
18716
665
10874
27646
6505
8950
22998
24528
7813
16169
6881
4862
31814
12613
20147
21593
12298
956
3652
28673
20544
17107
1561
11386
25898
594
13603
7682
16096
27520
4836
17442
27801
26446
24787
9604
14630
14547
11010
24068
20671
7160
15358
21257
29698
15477
2038
534
23609
6396
21280
7580
13532
9907
5977
27667
20055
18664
27916
7496
28172
28929
31572
2553
24476
31409
13157
4511
11106
6258
23336
2699
5697
25647
11045
30772
20128
26688
934
31696
27314
13468
32025
13089
7163
21578
22455
31122
15376
14105
3683
16258
5790
25489
4309
27616
5293
1321
26871
31736
11558
10939
20367
21900
16019
18740
29727
32551
13863
22160
31753
12974
10238
4358
31991
32312
15525
18047
30330
26399
6109
12365
3826
17240
7324
14106
6061
15615
12885
13086
7251
13366
28537
31894
385
29488
19774
24689
30388
26761
18591
19788
16233
23513
5284
19616
6018
20616
16867
7226
14060
2788
32583
31724
14463
27504
22544
899
26661
5247
4891
5368
15423
3586
5988
16107
32324
23455
31177
9036
26283
14595
6161
13916
12300
28792
25900
27092
25986
32698
19132
6243
28755
32518
17365
17758
10451
32373
5377
1204
28293
19848
17800
7968
2948
24836
15854
18082
26401
19200
12220
28463
19406
31036
10884
8104
17467
11700
543
20233
21438
25973
27193
8675
3576
8624
27408
7180
20918
18189
4984
6804
11029
1857
3107
10748
8426
2275
28703
3235
29024
16763
3744
1409
483
13789
31232
15127
1597
5301
2052
18086
8959
24418
10081
17312
3875
5384
11902
29532
30959
5088
1916
18701
12829
9427
23924
29173
26424
25928
12031
11734
26185
826
27132
2986
14515
32653
29837
24211
5212
27298
18275
32533
26637
20265
32060
11395
1820
16182
31657
8887
14408
14231
6421
14342
11236
19814
25603
6004
7480
23002
28567
27427
8996
6242
18776
2834
29702
27381
31796
1028
8414
14499
17605
2749
2992
6769
23250
12148
7466
19043
29721
25990
32135
2266
25675
13160
21683
27680
32345
7903
21936
20034
6894
10611
6456
19742
26684
28961
2980
4284
26364
18768
29196
19426
14512
24582
19120
10978
9004
17244
3222
9399
27988
23343
2677
25168
31015
11033
31954
12332
16125
28831
30569
11815
3596
29100
19918
12692
13873
3903
11092
3467
32494
28768
25134
13700
4015
22872
13780
28197
11601
801
9385
89
28900
1820
29914
8866
23472
13058
2185
3248
27767
22813
15659
26930
6650
28856
23086
6636
22206
6868
21215
522
528
24348
24460
19124
27207
13595
12773
21986
17481
11693
18600
21362
15441
20659
9854
11384
1007
779
28704
14549
336
2240
13757
29451
959
30589
27552
7759
8556
11592
22030
4832
8812
8044
27757
9368
7426
5559
30636
22464
10013
9702
28638
22569
16673
862
23848
26232
24042
30493
16350
12226
11279
5103
17385
17241
1123
31461
17260
6885
8642
17411
23719
26806
1546
24377
7963
8280
12391
405
5102
28008
2260
29366
9618
3239
9438
20100
10914
15181
18859
3870
6156
12448
20284
29460
7797
21956
18671
5079
14041
12245
5960
16493
25202
12339
18160
28777
8668
24349
24830
25371
26486
5250
4214
16132
2315
13075
16655
17804
29874
6557
6970
28408
11506
16022
351
662
20522
10742
29290
32570
12080
16712
30086
26606
14137
6656
29480
18662
13049
17935
8016
2226
9995
20149
22796
22967
19858
20886
9021
24544
29985
29713
6813
24209
18136
8397
3329
733
14288
17300
5596
7672
10682
30565
25605
25583
32450
23236
3258
662
9402
32341
4068
9410
23412
8617
29084
13753
14959
12888
3311
30951
14774
16720
990
18899
16902
25196
28841
6225
2095
10825
15438
29944
14268
15957
15948
16854
12502
11048
2476
23395
23910
29976
2882
19892
24954
5895
23857
27121
10986
25472
29613
20489
9275
31747
1797
16548
3779
21148
24288
19290
18446
27066
25286
11554
32385
17983
5091
29453
6461
18388
21512
13620
22343
23423
7667
32238
27109
15479
4816
12615
3659
14135
256
2222
27254
8913
18456
30446
12633
1157
15917
2144
21047
4498
31311
4958
14160
844
10323
19706
22463
29039
18902
5616
8355
9907
2174
5082
31101
9120
32131
27299
26585
17316
4718
10814
5681
14435
24353
17560
16910
20302
10520
8139
21872
13687
26606
6292
12144
11683
29475
2311
