20395
14489
6735
6750
31368
2359
7957
26992
12652
17279
29093
4807
25233
30670
4023
20685
1037
5111
32678
24831
11185
11155
18293
12009
24114
6809
21777
11090
22918
13871
15317
9140
24209
32703
27475
11759
15873
3660
17234
31805
11383
8711
10515
11625
8679
5661
473
27964
18497
9428
13991
31033
15697
12758
9548
23946
11236
3788
8861
32313
44
28207
29186
16547
15205
30811
22068
26922
10937
14054
8004
299
1377
18991
23008
22832
13838
7482
978
31590
21383
3003
27081
8785
3219
11888
4700
1982
2841
16820
23116
8185
4742
23122
9737
5441
23919
23703
19576
6009
32376
27051
7924
21536
18548
14113
12947
10883
461
1228
20138
28721
26406
9428
9363
22960
16704
18954
13485
23406
4634
4217
1189
5882
7517
29757
2804
10356
20470
10905
29609
26691
19205
4419
8809
29957
5622
10242
5556
6604
15341
18555
3945
25735
22632
4168
9869
190
22304
12619
9800
10883
27440
7234
24112
19877
376
14747
18379
9510
12868
9353
9550
28399
30249
7255
32171
1987
8752
8189
6603
882
28471
26609
26392
5455
4243
12863
25407
23779
7674
5340
30004
27363
21665
18999
22390
4704
29601
11282
30612
23102
14239
20624
28400
8935
14764
32143
30915
21568
13674
26167
2401
10205
31344
26323
27327
25457
3312
13024
562
6024
14743
10596
9081
13944
8373
17282
5374
6036
31902
20810
10585
15012
10064
30934
4630
24466
9046
11154
20408
18022
11244
1499
25341
11124
4195
19660
9060
21460
24263
32340
24301
15891
8640
10124
10016
19240
13750
30024
28496
29610
31032
13037
24609
23872
23711
11138
1096
25688
5358
8457
12946
28188
30205
19983
22824
5793
14295
9602
3601
3938
11104
17603
2296
16878
8763
19452
27184
2781
3562
4276
29429
8456
6711
24224
4853
31994
18131
15036
28431
21665
17470
23707
17754
32585
6118
20987
21097
21964
19347
157
7117
25346
11266
31316
17372
30847
23248
22363
19121
31614
14235
2795
24692
32280
25699
26125
11484
30906
26934
15534
12273
14293
15116
24817
8215
20951
10736
26825
26952
14683
31328
29126
12705
16284
11767
22319
1824
6960
16201
3666
6828
18163
21775
7448
11349
19777
12420
24284
3294
21352
23310
2941
22648
31068
22305
13490
20177
25005
22624
11678
27725
30135
18182
4261
10387
14873
4741
22397
32332
18280
5997
14728
8231
15140
7310
17505
32545
13546
11105
25269
1539
13292
18340
17748
11820
26783
19013
25223
20880
20147
25473
32677
24065
9032
2125
30945
19886
2911
20213
15206
2281
32398
32515
9638
5421
18937
22626
16878
13663
16253
21955
3902
24404
25902
28224
19545
10900
14596
6719
31000
7261
23761
8090
515
29931
15990
26877
18978
25079
4183
27791
1809
14974
9740
26068
9043
10179
2394
26322
6888
24471
23393
1138
1570
21464
22038
8746
18100
31544
500
8409
2828
5951
29679
29938
7139
7060
10154
26589
10258
6776
18921
2202
679
23187
1865
4008
1848
31219
13103
14885
6263
16978
23294
24630
27911
4759
6541
19113
7822
416
16088
3033
12044
7743
8181
24530
30827
28802
9034
22454
14935
8248
23806
21600
14927
25776
20397
5190
10748
8644
9568
22692
18370
22038
29884
26071
28054
16026
26233
25350
527
21333
20246
23816
32703
356
4299
28802
1731
17983
22976
24400
11417
4159
4732
5415
32306
2142
4256
24440
26696
10559
25045
23703
31218
18286
17155
26140
13686
28392
6084
31370
25438
14814
30232
27182
7118
1206
6746
19274
31252
9043
22386
31091
11905
31638
22349
9272
25207
10532
16266
12548
8900
3690
3702
29766
17454
30431
17467
1486
30287
11913
11348
13434
30884
12995
23364
23827
9696
24637
13448
10354
18822
16964
3274
29927
29622
26436
15447
28379
16199
24203
13779
7347
15895
17231
29996
25080
32671
30963
23244
15797
26059
31878
18195
18465
15368
28557
2564
13182
17566
16386
31550
21569
12352
4508
20014
29811
13281
19537
30340
30295
12490
29722
12515
2637
8938
11766
989
31734
18797
5681
19742
23193
15760
19430
12007
198
27571
21955
29119
16185
8879
17420
11877
12032
11627
13282
21512
28385
10922
6086
24250
20470
5927
26969
21027
13722
15844
10341
19570
11401
703
19233
17817
32066
15174
945
20154
15792
2508
32493
26076
9738
28349
99
12771
11512
1070
32671
15039
12023
6072
10922
29155
9470
5767
29136
7929
11874
32686
166
1236
29175
20669
18508
21158
6776
8342
32496
13683
29224
23676
14483
7621
25018
23405
32016
3490
22126
15282
32602
699
21374
16052
23045
20710
12984
5905
29960
206
22636
23791
30913
1769
24200
7313
29241
26283
31490
13096
3242
5626
9590
28139
1086
13537
16401
8041
13850
28040
18349
7966
29083
4196
20285
26437
28383
16555
19052
17646
3720
17675
27521
20048
18108
20635
6278
4960
24944
22546
15273
15523
28647
18231
29410
3136
6005
10904
25302
30041
7049
8575
12540
15771
18667
11298
26878
23828
9793
10778
20834
4165
3544
7446
29545
20601
5281
977
23095
9813
25210
24897
19765
2735
24495
17426
2484
18852
23489
25170
16339
7140
4454
7534
22178
27217
11216
605
15239
28617
12594
6683
16609
11583
30337
7769
20460
25617
120
26227
29157
2709
30174
8354
29806
28405
1803
11123
11571
31806
28329
9079
8398
21939
28600
31036
4328
15463
29908
9085
13729
29451
13499
16790
9778
5124
10
16954
13521
3521
7239
25192
16854
14667
20516
6299
18971
16157
1282
16450
13480
15927
8629
6511
9104
26990
647
28883
19478
3846
12927
1002
6676
16002
18915
30067
8862
187
5627
26147
10722
22064
28184
1434
16466
28573
22997
12182
15110
21711
27805
26983
2907
28086
31341
21411
14817
8636
2523
25626
2164
341
10072
31756
32680
11735
32178
11930
27499
29581
22493
19323
2789
18950
28658
496
30627
11955
12152
12282
2037
3506
17635
12746
12436
11492
12890
17785
10632
19781
14781
22265
23113
30333
18919
18508
20773
8370
20784
2547
18913
12449
6454
6058
1955
31213
4062
11602
1552
15286
8597
18479
17841
19310
2268
18515
14235
25064
14083
18010
3151
16050
14900
29016
27103
5541
17588
2320
19794
31418
14694
18535
6986
16416
24977
21528
9188
31371
12258
424
7648
8142
13493
2717
23810
29612
10128
32747
18359
14059
10736
4527
20476
19627
10057
32543
29564
18934
30280
17089
1784
9112
8027
20188
20716
28209
27763
28205
14192
25736
9737
7386
1372
10274
8543
28076
2735
28692
1032
20344
7218
6677
24746
18142
13912
20951
4355
28726
18281
17048
28970
24008
25823
1780
24599
9787
28689
19197
10598
14161
28174
21645
15448
16593
5836
26075
21531
19396
24450
11853
30027
20963
1106
15757
25784
26961
21803
11487
31594
22662
18926
29362
31714
9867
8655
5236
19619
31597
4607
10923
15345
25836
18312
27458
12505
21363
16504
11808
28017
25421
16449
8192
18017
17941
25440
6012
29602
24686
5693
16490
24198
28661
29522
4460
4345
19828
19600
16323
10758
8025
25598
9572
31645
4198
6052
19790
13715
24233
1191
6682
16874
22191
26037
15060
13907
3829
12451
25097
32497
30623
14165
29473
9824
4716
20447
6639
24310
26346
18409
135
12616
1766
10072
5968
29680
14119
1579
9050
28814
4188
31138
1777
23053
11346
23718
30834
30760
13162
30565
7005
11308
24139
19005
12204
13055
16340
32731
19299
18529
27476
19108
21097
3954
19198
12627
8342
25716
14999
3812
6669
31699
14962
18866
5580
29282
20126
1500
22145
13032
24158
22252
1439
21723
10201
13499
25778
22635
7187
14223
10480
25539
14108
24455
13584
25995
10376
27449
9567
16561
24606
409
25104
25961
21205
13085
11219
31602
3068
5662
22186
411
24248
642
9976
1671
19379
12440
1243
24237
28435
16195
31164
31650
2729
25947
11301
18587
107
21072
19922
12334
20773
528
12298
12120
29547
2091
29232
6596
5842
5685
32405
29514
10080
16749
18832
695
9536
19355
1745
460
9402
29503
18674
3721
2659
3815
16207
16811
22417
30689
1560
3699
6930
2066
15524
20393
23070
12070
22024
9697
1417
25322
22505
2813
20285
28405
31630
16115
29672
26510
25913
29136
19698
17354
26040
20221
16050
25333
31287
19905
22241
307
32344
27400
12111
24423
17542
12387
26836
8788
2182
11343
21130
11523
28750
16314
4409
31332
3867
25795
23315
14903
7870
21186
7074
13613
25398
9096
5118
15435
27780
24040
19267
10128
10939
2422
25410
10199
2135
12174
9591
28671
32463
28056
23612
31048
22894
31883
19515
26368
6750
20912
25129
19808
13830
15529
26802
24497
6294
9905
23215
18866
10719
22309
9631
14398
17257
24900
28757
21802
19647
7987
14830
14957
29198
24131
25862
8323
10478
8311
812
19475
30592
5953
29842
32463
12729
15245
12297
28571
8445
9984
18221
3570
18928
4738
31453
5254
17545
7674
29679
12071
23144
17752
29729
14310
24425
9945
4946
20346
30841
32390
23794
21731
17576
31487
25015
77
7296
20342
4497
9526
23445
9982
29153
24531
26718
23814
998
12720
28227
7968
28535
20888
32247
23560
17912
12980
2056
9185
29063
1782
26037
24001
9334
16569
25599
30320
23806
22433
1283
27757
20785
21705
27526
23858
22321
27165
9426
30649
7584
6404
17601
30783
18519
11331
2071
4424
17755
2334
28948
26083
28172
7103
4682
31023
18592
25308
31661
14110
32208
24213
32233
31353
22225
26267
14328
13349
22406
11159
8947
6052
18676
26570
4136
28894
18422
752
19822
1826
11314
11627
25525
12648
23371
13981
9185
32729
23641
8854
30169
7825
16278
17135
7642
21923
11865
22261
27666
19037
14153
30475
2666
26062
10954
20297
23715
1158
7100
28009
9892
21405
22629
9700
27922
32503
28587
21592
17442
5317
5767
31533
171
16975
438
1656
32640
19954
1970
13855
30460
29284
7904
29503
1758
32576
3083
5322
31319
25278
21777
22389
28770
193
19420
3281
24148
31512
17812
17847
8372
20221
21011
31722
3660
27618
1946
32504
16768
10094
14018
10337
3039
12994
6837
6907
18424
29952
22941
4501
32111
28430
26973
219
2896
3223
11392
4218
19618
1619
23406
12164
27456
14729
3558
18453
21732
6354
30888
22071
1669
6687
13170
26115
8675
17917
6958
15625
352
19480
9322
13042
15889
16638
12808
32100
23573
26918
17463
29478
4389
13617
5026
2693
22893
21359
27879
5878
20122
31397
24650
2556
30005
21006
6571
15180
29743
6815
29877
31792
27325
32143
8537
31273
22630
9239
27770
13528
19289
31863
234
2846
18693
20537
13462
9091
9444
4025
13821
13268
14743
30437
11751
27664
14392
28482
10579
2182
492
21296
24497
20279
16311
30318
10577
31873
11413
6112
14876
25343
17862
8336
29826
17067
21865
21492
26803
6981
2892
21871
21522
32249
6147
10009
13542
8764
32311
1475
18003
16887
3649
17974
30858
231
16375
6076
14652
25411
24262
20450
8276
6048
15362
9083
21733
6163
23417
28904
15969
26261
20046
32663
22029
26795
12293
22730
11441
9798
31194
7578
30868
28647
8279
32315
16295
12296
12069
13953
29185
27576
22307
13219
2187
13957
8885
18240
31741
7582
17503
2975
10249
20025
13202
23867
28373
31539
3013
3455
12463
17910
25032
13006
27645
11936
853
14790
6514
20322
21737
7110
6280
26405
16849
24237
16426
30580
29320
16869
26544
31126
15680
15521
31761
28410
1215
12642
30036
20697
31084
31424
16456
8982
28842
13671
28789
11881
18020
27488
20050
9660
31977
1170
5561
15061
3835
8328
30871
26166
10274
15732
14824
26177
14151
20596
29923
14752
3965
13077
25713
6372
2850
2582
16100
13164
25895
2414
31206
13193
15532
14735
2735
19935
30416
8685
30332
24591
29383
31930
18236
25235
17453
22516
14476
12777
26521
18338
12517
29427
9590
3419
23316
5790
5902
22791
29675
16578
488
1770
8247
5705
32084
32478
24306
13972
5700
6367
27577
25626
25949
10957
9600
8274
19278
9070
19844
16084
18273
22195
12929
13243
7247
24380
7205
8525
14169
14621
2757
26846
3476
31203
8016
17137
25477
18898
16257
8865
13037
625
19032
26687
8934
5705
28874
10045
17967
9705
1720
842
5061
26157
24606
26815
19891
15296
3725
9274
18986
12256
4827
7560
21204
8801
22297
14793
3686
23797
1221
10446
10357
27562
2881
8646
11146
24244
27268
21274
16760
22893
5648
2453
19949
4762
1059
21192
5960
10736
15666
7853
29098
30423
32659
9354
8272
13421
19322
3864
24864
11982
27430
13285
22145
21907
19292
23031
17264
22424
14357
21426
19921
11267
20852
28668
15106
11393
19706
1694
23222
9427
22269
9197
5121
31626
10326
6059
18607
22542
9307
27432
730
27109
4877
684
8380
13618
19346
28185
29377
2172
25317
11469
32736
32689
13004
26822
25644
14443
19722
27913
32166
7025
11990
23364
23382
24449
18573
25778
8858
10573
11684
2623
24253
27843
224
10221
28363
29585
28873
20342
1444
11497
22620
13875
28752
10881
22528
14908
5778
28383
31419
17105
27072
28883
15270
32760
13777
30789
32670
19816
2232
14384
22333
15526
9201
18927
7432
2670
11353
28088
17386
852
3138
13414
27106
7083
15303
30331
760
16038
25437
15461
12405
6333
3243
31744
6227
24914
21916
20317
20723
26517
22962
2242
13582
26277
17821
18417
13294
25848
18700
29869
29150
8956
23235
17019
19679
23806
749
8614
6556
25676
8116
16773
11424
21398
22544
2048
967
25242
12508
8785
9202
7425
30767
4872
32511
131
31465
24914
30201
18002
14476
19834
19339
23478
2382
11952
6843
19956
27244
24074
9685
11637
25792
21192
4516
11300
16790
21468
24808
31512
444
25258
17413
11123
19160
17164
4345
5770
16126
17561
30608
4422
29314
12583
17883
28362
29707
1166
20702
5717
6889
20911
21897
12394
4009
30901
26090
12079
17126
4763
13984
13844
18018
13807
24723
9396
15445
30933
27362
18688
20740
21582
12573
31898
29334
19642
31157
12671
15139
924
20656
12777
16655
5790
31393
6004
16790
28629
5080
15743
22951
27461
12246
13013
16630
30120
3332
28301
15181
2155
12452
19502
13346
9978
32519
4887
14447
16701
9216
3358
17086
8034
24474
28792
3459
15070
2822
8409
24495
10414
27095
3035
1922
30947
7026
9380
30625
12125
16575
17091
14952
14807
10789
26716
12161
1828
8630
13189
18358
9143
9638
32495
13059
32617
9986
30153
13552
16503
8350
7905
4894
18378
6736
8973
21023
19068
27739
21193
13450
9367
22318
12065
12367
18720
17231
31186
20041
29524
15762
4268
10258
32049
910
6202
30747
32568
13393
14757
28668
7538
31059
30678
18696
9649
15273
24539
17189
25368
14715
6284
1499
19165
4024
5486
6058
26190
3080
28887
24481
7698
23299
12627
25900
19122
26272
32327
16942
11864
30960
2004
31567
15318
30476
9726
12952
20201
18508
29454
26685
14783
15801
25908
15801
19384
3525
11121
28448
13674
14394
20916
30385
28135
26225
28740
3755
32066
7108
27229
1379
20559
19013
30
6034
31147
8113
14243
17651
1020
7839
24942
21262
14714
22525
15371
29262
1199
22717
31475
14682
20090
8140
13490
27298
32090
12356
31813
14392
31209
5090
10694
31202
23719
25018
5707
2413
10489
7465
20235
14660
14706
268
962
6465
16720
2863
13399
32194
1866
23561
25020
32000
15753
16038
17943
22172
6900
27876
22559
31099
6576
25570
7624
7124
32487
23734
4642
6535
4041
15710
8830
3249
6097
5625
1748
21629
9290
32312
31073
32317
6417
26383
4500
17593
668
13488
17963
6598
18747
13497
23194
28187
10654
17580
15276
11105
5784
15521
3948
5257
26658
29239
31814
98
31651
26576
27498
8811
10607
31742
19057
21990
13197
11576
4163
7981
4541
17874
2360
22345
16057
1068
11901
13761
27324
4905
3258
11440
14145
26338
32241
19226
24589
20892
15018
6528
30063
25848
1613
9394
3015
29546
31439
10981
1093
17900
14224
7941
21235
23028
30596
30285
26102
15267
21138
29716
4625
20543
11833
26602
10346
9443
8569
4579
6545
5493
20465
8499
18878
24537
69
251
31322
30564
29122
26467
27841
11412
13637
23273
8775
31998
3416
8697
23929
8071
6559
20669
18597
8407
20851
26934
26012
9227
4556
16780
10934
7082
16996
9378
28951
3803
22041
24814
6193
16085
10899
14728
650
16534
2856
28032
20415
24280
23292
18805
30666
22593
10861
30563
11136
19930
15278
189
7773
30146
15025
14012
7556
26148
11339
29942
6146
3174
22675
29234
31827
9379
13451
4987
3879
17756
3842
30067
8038
21354
1208
8170
15217
29239
32708
6063
19371
17454
17971
17062
13880
3952
23538
21019
28676
6857
15342
10070
7943
22242
11385
26224
12744
10168
13040
11109
4128
25164
27290
5481
18753
21149
17108
7296
25334
24019
26731
25929
11821
5309
24138
1818
17586
19069
2389
30802
5181
898
13204
5355
6831
20663
19092
29519
14233
27386
23818
31597
14078
8912
7098
29707
31066
30807
24983
31326
23778
28540
1836
6104
19470
29805
1338
27201
5461
25682
10915
4617
28727
3640
27014
23261
21377
16461
32684
21112
205
13651
32291
16828
26952
30287
29736
15361
20408
1153
16715
14509
19389
24473
21197
27396
4694
15400
20557
19522
10152
32341
31651
3047
24059
19665
18445
23123
17926
20493
27785
16786
29804
29098
30081
121
16518
12337
6573
7154
24675
23300
22070
6804
1549
19092
5655
7799
25102
26837
26825
20806
12083
7663
3103
22165
11152
30007
19823
14453
8900
3677
1522
582
28031
12006
13933
32205
2625
2013
1553
18055
13156
966
10400
10044
5724
12500
28626
30166
4158
7004
3063
24948
4991
11400
16349
26299
6910
24912
3060
24172
20037
28070
5296
23100
15116
8177
18479
17376
18431
6333
1820
29287
17602
10929
21715
10700
15153
30401
21190
14540
26092
6309
2847
10485
28691
30601
20135
13568
25166
3846
10726
31072
24849
17489
13708
4891
8222
7090
17935
8409
12107
25144
16022
23098
1157
8108
2838
12653
26389
25795
1466
13055
8226
18839
19337
6128
5239
12376
17475
15884
11143
8255
24971
31352
10158
19652
22859
31372
21434
7441
24405
9952
10666
18358
8774
15530
22198
22174
4016
4423
16527
10050
9080
13335
28647
15132
18044
25230
1076
27743
121
648
5297
23269
301
5853
8870
9577
17592
25142
234
17142
22344
11295
21670
4255
31733
23645
4955
26481
15082
24705
8743
20134
6854
4029
31300
7707
2370
247
30417
9477
14099
1820
12245
10463
27410
18359
1665
20647
4250
8130
18101
20553
1329
19131
454
26716
26987
32763
1663
3596
30988
31300
6757
20311
11885
7577
22591
18301
13601
12114
22486
14257
28631
21615
762
6165
5506
18989
15301
13541
10680
3287
14372
11250
21592
24799
13970
24147
23664
29229
28711
10839
19038
32183
27602
446
30005
14674
5859
12328
32610
28103
18124
26061
1679
30506
2088
23151
2759
8039
24316
7309
20699
1822
23613
24794
17413
4273
11411
26093
6860
411
1117
16442
17191
19971
3317
8769
23013
17040
14133
29957
12620
128
5946
21696
11009
32756
11623
17877
