1826
4964
2511
7325
9571
3057
6825
7927
4687
4735
9026
9119
7513
2139
5155
702
2344
2589
2229
9383
5551
6185
9302
3536
2866
6361
9070
3105
7814
4651
7874
299
5384
8423
840
1659
8273
6692
6620
78
1480
427
2930
1831
9384
1579
126
399
7059
7071
4001
2780
583
893
6756
8997
6401
2881
1162
9861
8960
5434
8545
2015
4987
4786
105
4865
1477
8995
1560
9499
8975
4328
2941
6337
1695
7314
1219
8399
6224
5037
984
9086
4026
34
8079
6884
8419
62
6324
1616
4182
8467
5182
3830
5827
8365
1097
1063
2247
2360
5428
8566
2078
7152
648
8822
6854
8617
7115
8552
5414
6256
3764
1971
287
6881
576
4548
593
4922
5091
3257
2545
288
3603
6489
2793
2689
4194
1783
2496
2010
746
2374
5388
8825
2766
2878
7814
9286
766
8495
1597
5246
811
2518
1550
5840
4748
366
7682
4764
4817
4313
8120
8567
5590
7295
3236
2196
7658
7654
7448
3232
4304
9811
434
2957
2821
6736
838
7026
5556
2431
8670
7440
183
6445
7775
4152
5374
970
5214
5035
9044
8952
6595
2738
7200
1809
3132
1616
2106
2255
101
2452
3327
790
135
5139
3303
501
7199
6837
7444
2813
5760
255
5053
2416
7771
6353
3197
2319
7342
8705
5366
8749
8666
600
457
6615
922
6587
8810
3800
9537
621
2079
9015
2643
7411
746
7220
2551
9320
7288
7588
7851
3089
6488
5433
889
5348
464
3093
5145
2421
2028
9920
1110
5553
1657
9320
9205
9199
5858
9609
5379
9827
792
910
271
1029
6807
9046
4792
5137
8518
1258
5160
9024
7903
3437
4257
6871
8160
5765
2167
6511
2401
8858
8478
3829
7528
8557
277
6290
9225
2715
7796
9454
6737
4993
2258
6465
1029
8306
666
3322
7767
2119
2062
355
7833
6247
3852
9492
8773
3831
6112
8823
6668
3827
4171
8956
7373
3981
595
8382
8
5253
3035
4486
4852
9739
4772
7871
846
1969
1923
201
403
1188
2629
8594
9935
3852
6193
4609
759
1810
1613
885
1204
498
6596
8366
929
6273
1846
5210
7192
9537
5120
8275
7111
2946
909
6919
7736
4411
9165
6008
6065
3273
2326
4468
218
887
5576
9224
2381
2479
229
6209
1971
6416
3009
1251
6668
7137
8806
8494
9342
2516
4155
5933
6995
670
3462
6193
2140
1879
3535
9966
363
9741
9080
5155
5343
1086
2378
400
4033
2405
449
9219
4511
2068
1210
708
2870
2068
7020
3634
149
249
789
9244
3952
7225
6614
7493
3010
3565
3954
7970
407
4681
4979
7046
1561
3897
286
800
4217
9181
3223
9091
7792
9815
4008
7127
5479
9282
654
8014
1188
37
6213
4521
6165
712
9782
4603
1026
535
8189
446
9278
1508
4575
5749
7470
7873
7996
1458
9102
1423
8130
1450
7600
9425
5826
6501
7478
3556
6343
5466
3618
9987
7699
6442
6092
262
3772
7755
8148
2954
1784
6185
7096
6359
3813
6088
5096
4510

